14 0.150611 0.887286 0.173523 0.225427
14 0.790982 0.829949 0.302565 0.337913
33 0.145118 0.835362 0.0730197 0.127194
0 0.149737 0.923607 0.161467 0.151072
2 0.532809 0.90368 0.218131 0.179358
0 0.392438 0.811562 0.0547473 0.292213
2 0.241146 0.606611 0.1086 0.163992
2 0.028962 0.879737 0.0578171 0.236624
5 0.599642 0.592308 0.163274 0.334323
0 0.781582 0.91208 0.0785067 0.173651
2 0.11674 0.689964 0.156026 0.226013
0 0.392838 0.821011 0.0573628 0.312356
0 0.394726 0.806563 0.0562128 0.292162
0 0.628262 0.871105 0.0518614 0.253618
2 0.532587 0.901502 0.227489 0.196996
0 0.973931 0.878401 0.0510029 0.243197
2 0.316936 0.574517 0.0790523 0.10612
2 0.435091 0.590639 0.0921938 0.126883
2 0.318203 0.577301 0.0741641 0.105772
0 0.742683 0.824096 0.046146 0.190434
25 0.818438 0.655998 0.19727 0.13081
2 0.31463 0.576327 0.0790444 0.112765
0 0.742419 0.830088 0.0433181 0.182551
0 0.63034 0.861782 0.0502129 0.239695
0 0.53156 0.713662 0.032172 0.182004
2 0.351926 0.517234 0.0830049 0.104125
0 0.973512 0.866995 0.0518675 0.266009
0 0.50384 0.705051 0.036441 0.209561
2 0.514751 0.450048 0.0552139 0.0807371
2 0.210466 0.497214 0.0630863 0.0756122
2 0.527833 0.912733 0.224751 0.174534
0 0.532105 0.704873 0.0324979 0.177232
2 0.532809 0.90368 0.218131 0.179358
0 0.392438 0.811562 0.0547473 0.292213
2 0.241146 0.606611 0.1086 0.163992
2 0.028962 0.879737 0.0578171 0.236624
5 0.599642 0.592308 0.163274 0.334323
0 0.781582 0.91208 0.0785067 0.173651
2 0.11674 0.689964 0.156026 0.226013
0 0.392838 0.821011 0.0573628 0.312356
0 0.394726 0.806563 0.0562128 0.292162
0 0.628262 0.871105 0.0518614 0.253618
2 0.532587 0.901502 0.227489 0.196996
0 0.973931 0.878401 0.0510029 0.243197
2 0.316936 0.574517 0.0790523 0.10612
2 0.435091 0.590639 0.0921938 0.126883
2 0.318203 0.577301 0.0741641 0.105772
0 0.742683 0.824096 0.046146 0.190434
25 0.818438 0.655998 0.19727 0.13081
2 0.31463 0.576327 0.0790444 0.112765
0 0.742419 0.830088 0.0433181 0.182551
0 0.63034 0.861782 0.0502129 0.239695
0 0.53156 0.713662 0.032172 0.182004
2 0.351926 0.517234 0.0830049 0.104125
0 0.973512 0.866995 0.0518675 0.266009
0 0.50384 0.705051 0.036441 0.209561
2 0.514751 0.450048 0.0552139 0.0807371
2 0.210466 0.497214 0.0630863 0.0756122
2 0.527833 0.912733 0.224751 0.174534
0 0.532105 0.704873 0.0324979 0.177232
2 0.532809 0.90368 0.218131 0.179358
0 0.392438 0.811562 0.0547473 0.292213
2 0.241146 0.606611 0.1086 0.163992
2 0.028962 0.879737 0.0578171 0.236624
5 0.599642 0.592308 0.163274 0.334323
0 0.781582 0.91208 0.0785067 0.173651
2 0.11674 0.689964 0.156026 0.226013
0 0.392838 0.821011 0.0573628 0.312356
0 0.394726 0.806563 0.0562128 0.292162
0 0.628262 0.871105 0.0518614 0.253618
2 0.532587 0.901502 0.227489 0.196996
0 0.973931 0.878401 0.0510029 0.243197
2 0.316936 0.574517 0.0790523 0.10612
2 0.435091 0.590639 0.0921938 0.126883
2 0.318203 0.577301 0.0741641 0.105772
0 0.742683 0.824096 0.046146 0.190434
25 0.818438 0.655998 0.19727 0.13081
2 0.31463 0.576327 0.0790444 0.112765
0 0.742419 0.830088 0.0433181 0.182551
0 0.63034 0.861782 0.0502129 0.239695
0 0.53156 0.713662 0.032172 0.182004
2 0.351926 0.517234 0.0830049 0.104125
0 0.973512 0.866995 0.0518675 0.266009
0 0.50384 0.705051 0.036441 0.209561
2 0.514751 0.450048 0.0552139 0.0807371
2 0.210466 0.497214 0.0630863 0.0756122
2 0.527833 0.912733 0.224751 0.174534
0 0.532105 0.704873 0.0324979 0.177232
2 0.532809 0.90368 0.218131 0.179358
0 0.392438 0.811562 0.0547473 0.292213
2 0.241146 0.606611 0.1086 0.163992
2 0.028962 0.879737 0.0578171 0.236624
5 0.599642 0.592308 0.163274 0.334323
0 0.781582 0.91208 0.0785067 0.173651
2 0.11674 0.689964 0.156026 0.226013
0 0.392838 0.821011 0.0573628 0.312356
0 0.394726 0.806563 0.0562128 0.292162
0 0.628262 0.871105 0.0518614 0.253618
2 0.532587 0.901502 0.227489 0.196996
0 0.973931 0.878401 0.0510029 0.243197
2 0.316936 0.574517 0.0790523 0.10612
2 0.435091 0.590639 0.0921938 0.126883
2 0.318203 0.577301 0.0741641 0.105772
0 0.742683 0.824096 0.046146 0.190434
25 0.818438 0.655998 0.19727 0.13081
2 0.31463 0.576327 0.0790444 0.112765
0 0.742419 0.830088 0.0433181 0.182551
0 0.63034 0.861782 0.0502129 0.239695
0 0.53156 0.713662 0.032172 0.182004
2 0.351926 0.517234 0.0830049 0.104125
0 0.973512 0.866995 0.0518675 0.266009
0 0.50384 0.705051 0.036441 0.209561
2 0.514751 0.450048 0.0552139 0.0807371
2 0.210466 0.497214 0.0630863 0.0756122
2 0.527833 0.912733 0.224751 0.174534
0 0.532105 0.704873 0.0324979 0.177232
2 0.532809 0.90368 0.218131 0.179358
0 0.392438 0.811562 0.0547473 0.292213
2 0.241146 0.606611 0.1086 0.163992
2 0.028962 0.879737 0.0578171 0.236624
5 0.599642 0.592308 0.163274 0.334323
0 0.781582 0.91208 0.0785067 0.173651
2 0.11674 0.689964 0.156026 0.226013
0 0.392838 0.821011 0.0573628 0.312356
0 0.394726 0.806563 0.0562128 0.292162
0 0.628262 0.871105 0.0518614 0.253618
2 0.532587 0.901502 0.227489 0.196996
0 0.973931 0.878401 0.0510029 0.243197
2 0.316936 0.574517 0.0790523 0.10612
2 0.435091 0.590639 0.0921938 0.126883
2 0.318203 0.577301 0.0741641 0.105772
0 0.742683 0.824096 0.046146 0.190434
25 0.818438 0.655998 0.19727 0.13081
2 0.31463 0.576327 0.0790444 0.112765
0 0.742419 0.830088 0.0433181 0.182551
0 0.63034 0.861782 0.0502129 0.239695
0 0.53156 0.713662 0.032172 0.182004
2 0.351926 0.517234 0.0830049 0.104125
0 0.973512 0.866995 0.0518675 0.266009
0 0.50384 0.705051 0.036441 0.209561
2 0.514751 0.450048 0.0552139 0.0807371
2 0.210466 0.497214 0.0630863 0.0756122
2 0.527833 0.912733 0.224751 0.174534
0 0.532105 0.704873 0.0324979 0.177232
2 0.532809 0.90368 0.218131 0.179358
0 0.392438 0.811562 0.0547473 0.292213
2 0.241146 0.606611 0.1086 0.163992
2 0.028962 0.879737 0.0578171 0.236624
5 0.599642 0.592308 0.163274 0.334323
0 0.781582 0.91208 0.0785067 0.173651
2 0.11674 0.689964 0.156026 0.226013
0 0.392838 0.821011 0.0573628 0.312356
0 0.394726 0.806563 0.0562128 0.292162
0 0.628262 0.871105 0.0518614 0.253618
2 0.532587 0.901502 0.227489 0.196996
0 0.973931 0.878401 0.0510029 0.243197
2 0.316936 0.574517 0.0790523 0.10612
2 0.435091 0.590639 0.0921938 0.126883
2 0.318203 0.577301 0.0741641 0.105772
0 0.742683 0.824096 0.046146 0.190434
25 0.818438 0.655998 0.19727 0.13081
2 0.31463 0.576327 0.0790444 0.112765
0 0.742419 0.830088 0.0433181 0.182551
0 0.63034 0.861782 0.0502129 0.239695
0 0.53156 0.713662 0.032172 0.182004
2 0.351926 0.517234 0.0830049 0.104125
0 0.973512 0.866995 0.0518675 0.266009
0 0.50384 0.705051 0.036441 0.209561
2 0.514751 0.450048 0.0552139 0.0807371
2 0.210466 0.497214 0.0630863 0.0756122
2 0.527833 0.912733 0.224751 0.174534
0 0.532105 0.704873 0.0324979 0.177232
14 0.150611 0.887286 0.173523 0.225427
14 0.790982 0.829949 0.302565 0.337913
33 0.145118 0.835362 0.0730197 0.127194
0 0.149737 0.923607 0.161467 0.151072
14 0.150611 0.887286 0.173523 0.225427
14 0.790982 0.829949 0.302565 0.337913
33 0.145118 0.835362 0.0730197 0.127194
0 0.149737 0.923607 0.161467 0.151072
